-57 5.61436968366145 2802502
-57 5.63891337626762 2802502
-57 5.82299107081389 2802601
-56.5 5.76776776245001 2802601
-56.5 5.78617553190464 2802601
-57 5.83526291711698 2802601
-56.5 5.85980660972315 2802601
-56.5 5.84139884026852 2802601
-56.5 5.83526291711698 2802601
-56.5 5.87207845602623 2802701
-56.5 5.90275807178395 2826536
-57 5.87207845602623 2826536
-56.5 6.00706876536017 2826636
-56.5 5.98866099590554 2826636
-56.5 5.95184545699629 2826636
-57.5 5.98866099590554 2826636
-56.5 5.97025322645092 2826636
-56.5 6.17273869045182 2826636
-56.5 6.11137945893639 2826636
-56.5 6.08069984317868 2826736
-57 6.09297168948177 2850473
-56.5 6.12365130523948 2850473
-56.5 5.99479691905709 2850473
-56.5 6.03161245796634 2850573
-56.5 6.05002022742097 2850573
-56.5 6.15433092099719 2850573
-56.5 6.0254765348148 2850573
-56.5 6.05002022742097 2850573
-56.5 6.11137945893639 2850677
-56.5 6.14819499784565 2850677
-57 6.19728238305799 2856058
-56.5 6.37522415445272 2856058
-56.5 6.30159307663421 2879295
-56 6.2709134608765 2879295
-56 6.35068046184655 2879295
-56.5 6.41203969336198 2879295
-55.5 6.43044746281661 2879295
-56 6.36295230814964 2879395
-56 6.45499115542278 2879395
-55.5 6.5163503869382 2879395
-56 6.46726300172586 2879395
-56 6.44271930911969 2879395
-55 6.39976784705889 2903034
-55 6.28932123033113 2903034
-55.5 6.38136007760427 2903034
-55 6.3568163849981 2903034
-55 6.44885523227124 2903034
-55 6.41203969336198 2903132
-54.5 6.54703000269592 2903132
-54.5 6.52248631008975 2903132
-54 6.67588438887831 2903132
-53.5 6.6881562351814 2903132
-53.5 6.85996208342459 2926868
-53.5 6.93972908439464 2926868
-53.5 7.06244754742549 2926868
-53.5 7.10539900948629 2926868
-53 7.24652524197177 2926868
-52.5 7.25266116512331 2926868
-52.5 7.35697185869954 2926968
-52.5 7.34470001239645 2926968
-53 7.4244670133665 2926968
-52.5 7.48582624488193 2926968
-52.5 7.57172916900353 2950406
-53 7.66990393942821 2950406
-53.5 7.80489424876214 2950406
-53 7.712855401489 2950406
-53 7.97056417385379 2950505
-53 7.98283602015688 2950505
-52.5 8.1300981757939 2950505
-52.5 8.12396225264236 2950505
-52.5 8.19759333046087 2950505
-52.5 8.24054479252166 2950505
-52.5 8.32031179349172 2954993
-53 8.31417587034018 2978031
-53 8.32031179349172 2978031
-52.5 8.32644771664326 2978031
-53 8.36326325555252 2978031
-53 8.289632177734 2978131
-53.5 8.40621471761331 2978131
-54 8.35099140924943 2978131
-54 8.43075841021948 2978131
-54 8.49211764173491 2978231
-54.5 8.6639234899781 2978231
-54.5 8.67005941312964 2979926
-54.5 8.79891379931204 3002765
-54 8.86027303082746 3002765
-54.5 8.98912741700986 3002765
-54 9.02594295591911 3002765
-55 9.07503034113145 3002765
-55 9.16706918840459 3002765
-55.5 9.33887503664778 3002765
-55 9.38796242186012 3002865
-56 9.48000126913326 3002865
-55.5 9.51068088489098 3002865
-55 9.81134111931656 3026701
-55.5 9.74384596464959 3026701
-55.5 9.8604285045289 3026701
-55.5 9.94019550549896 3026701
-56 10.1120013537421 3026805
-56 10.3758460492585 3026805
-55.5 10.3328945871977 3026805
-56 10.30221497144 3026805
-55.5 10.4065256650162 3026805
-55.5 10.3267586640461 3026805
-55.5 10.4003897418646 3050840
-55.5 10.3697101261069 3050936
-55.5 10.3574382798038 3050936
-55.5 10.4372052807739 3050936
-55.5 10.4310693576224 3050936
-55 10.3635742029554 3050936
-55.5 10.5231082048955 3050936
-55 10.529244128047 3050936
-55 10.4985645122893 3050936
-55.5 10.4187975113193 3051040
-55 10.4617489733801 3054926
-55.5 10.4187975113193 3078663
-55.5 10.4372052807739 3078663
-56 10.3451664335008 3078663
-56 10.30221497144 3078762
-55.5 10.3513023566523 3078762
-56 10.1304091231968 3078762
-56 10.0383702759236 3078762
-56 9.99541881386284 3078762
-56 10.087457661136 3078762
-55.5 9.85429258137736 3078762
-55.5 9.89724404343816 3079958
-56 9.76838965725576 3103396
-55.5 9.84815665822582 3103396
-55.5 9.68248673313417 3103396
-55.5 9.59658380901257 3103396
-55.5 9.37569057555704 3103396
-56 9.35728280610241 3103396
-55 9.10570995688917 3103396
-55 8.97071964755523 3103396
-54.5 8.73755456779661 3103396
-54.5 8.71914679834198 3103499
-54 8.59642833531113 3127034
-54 8.4614380259772 3127034
-53 8.3325836397948 3127034
-53 8.30190402403709 3127034
-52.5 8.18532148415778 3127132
-53 8.19759333046087 3127132
-52.5 8.12396225264236 3127132
-52.5 8.0441952516723 3127132
-52.5 8.02578748221767 3127132
-52.5 8.0441952516723 3127132
-52.5 7.97670009700533 3150869
-52.5 8.01351563591459 3150869
-52.5 7.90306901918682 3150869
-52.5 8.0012437896115 3150869
-52.5 7.95829232755071 3150869
-52.5 7.91534086548991 3150869
-52.5 7.97056417385379 3150869
-52.5 7.94602048124762 3150869
-52.5 7.96442825070225 3150972
-52.5 7.92761271179299 3150972
-53 7.97670009700533 3154958
-53 7.98897194330842 3178896
-53 8.0012437896115 3178994
-53 7.97670009700533 3178994
-54 8.11169040633927 3178994
-54 8.10555448318773 3178994
-54 8.27736033143092 3178994
-54 8.29576810088555 3178994
-54 8.54734095009879 3178994
-54.5 8.44916617967411 3178994
-54.5 8.71301087519044 3178994
-54 8.69460310573581 3179991
-53.5 8.82959341506975 3204126
-53.5 8.83572933822129 3204126
-54 8.95844780125215 3204126
-54 8.9952633401614 3204126
-54 8.96458372440369 3204126
-54 9.0382148022222 3204126
-54 9.06889441797991 3204126
-54 9.00753518646449 3204226
-53.5 8.94617595494906 3204226
-53.5 9.15479734210151 3204226
-54 9.2407002662231 3228063
-54.5 9.3266031903447 3228063
-54.5 9.63953527107337 3228063
-54 9.63953527107337 3228063
-54.5 10.1610887389545 3228063
-55 10.3267586640461 3228063
-55 10.7808169772603 3228063
-55 10.9280791328973 3228063
-54.5 11.1244286737467 3228063
-55 11.320778214596 3228063
-55.5 11.3391859840507 3262071
-55.5 11.2226034441714 3262071
-57 10.9403509792004 3262071
-56.5 10.744001438351 3262171
-57 10.5476518975017 3262171
-58 10.4249334344708 3262171
-58 10.234719816773 3262171
-58 10.1120013537421 3262171
-58.5 10.1058654305906 3262171
-59 10.0076906601659 3262171
-58.5 10.5844674364109 3275435
-58.5 10.7194577457449 3275435
-58.5 11.4619044470815 3275435
-58.5 11.7993802204164 3275535
-58 12.7627201552085 3275535
-57.5 12.8854386182394 3275535
-58 14.1003514022448 3275535
-57.5 14.3335164820034 3275635
-57 15.4195748798265 3275635
-57.5 15.640468113282 3275635
-56.5 16.0822545801931 3280023
-56.5 16.14974973486 3303061
-56 16.06998273389 3303061
-56 16.002487579223 3303061
-55.5 15.345943802008 3303061
-55 15.2477690315833 3303061
-55 14.7139437173991 3303061
-55 14.6157689469744 3303061
-54.5 14.0512640170325 3303061
-54.5 13.9530892466078 3303165
-53.5 13.7137882436976 3303165
-53.5 13.5358464723029 3304956
-54 13.4744872407875 3327596
-54 13.3763124703628 3327696
-54 13.4253998555751 3327696
-54 13.480623163939 3327696
-53.5 13.4438076250298 3327696
-53.5 13.5419823954544 3327696
-54 13.84264262988 3327696
-54 13.8855940919408 3327696
-54.5 14.0758077096386 3327696
-55 14.1555747106087 3327795
-56 14.3580601746096 3351532
-56 14.4071475598219 3351532
-57 14.486914560792 3351532
-57 14.5237300997013 3351532
-56.5 14.5298660228528 3351532
-57 14.4685067913374 3351632
-56.5 14.0205844012748 3351632
-56.5 13.9714970160624 3351632
-56 13.5297105491514 3351632
-56 13.413128009272 3351632
-55 12.8547590024817 3375369
-55.5 12.7811279246632 3375369
-56 12.2104870715697 3375369
-55.5 12.1184482242966 3375369
-56.5 11.7871083741133 3375369
-56 11.6766617573855 3375369
-55.5 11.750292835204 3375369
-56 11.7625646815071 3375369
-55 12.0018656844173 3375472
-55 12.0693608390842 3375472
-55 12.2902540725398 3380056
-55.5 12.4252443818737 3403098
-56 12.7872638478147 3403098
-56 12.8547590024817 3403098
-58 13.1922347758165 3403493
-58.5 13.3885843166659 3403595
-58 13.76287562891 3403595
-57.5 13.7751474752131 3403692
-56 13.615613473273 3403692
-55 13.5726620112122 3403692
-55.5 13.2045066221196 3403692
-55.5 13.1308755443011 3404989
-55 12.8118075404209 3427628
-55 12.6154579995715 3427628
-54.5 12.3025259188428 3427628
-54 12.2534385336305 3427728
-54 12.1920793021151 3427728
-54 12.1736715326604 3427728
-54.5 12.1920793021151 3427728
-54.5 12.3638851503583 3427728
-55 12.5847783838138 3427728
-55.5 12.6522735384808 3427728
-54.5 13.0327007738764 3451265
-55 13.1615551600588 3451265
-55 13.5849338575152 3451265
-55 13.6585649353337 3451365
-56 14.1678465569118 3451365
-56.5 14.1003514022448 3451365
-57 14.4316912524281 3451464
-57 14.5789534080651 3451464
-57.5 14.7078077942475 3451564
-57 14.634176716429 3451564
-56.5 14.4991864070951 3474902
-56.5 14.4991864070951 3474902
-56.5 14.339652405155 3474902
-56.5 14.0758077096386 3474902
-56.5 13.9162737076985 3474902
-56 13.8549144761831 3474902
-56 13.5358464723029 3474902
-57 13.4315357787267 3475002
-56 13.1124677748465 3475002
-57 13.0756522359372 3475002
-56.5 13.0940600053918 3480089
-56 13.2351862378773 3480089
-56.5 13.4315357787267 3503425
-56.5 13.5358464723029 3503425
-56.5 13.9530892466078 3503425
-57 14.0512640170325 3503425
-56 14.5973611775198 3503425
-56.5 14.7630311026114 3503425
-56.5 15.0820991064916 3503425
-56.5 15.2416331084317 3503425
-56 15.1005068759463 3503425
-56.5 15.0330117212793 3503525
-55 14.6587204090352 3526963
-55 14.6157689469744 3526963
-55.5 14.0942154790933 3526963
-55.5 13.977632939214 3526963
-55.5 13.3517687777566 3526963
-55 13.3517687777566 3527062
-54 13.051108543331 3527062
-54 12.9652056192094 3527062
-54 12.8793026950878 3527062
-54 12.824079386724 3527062
-54 12.8854386182394 3550700
-54 12.9161182339971 3550799
-54.5 13.1554192369073 3550799
-54.5 13.118603697998 3550799
-55 13.3701765472112 3550899
-55 13.5235746259998 3550899
-55 13.8180989372739 3550899
-55.5 14.0267203244263 3550899
-55.5 14.4562349450343 3551002
-54.5 14.5298660228528 3551002
-55.5 15.0023321055216 3554889
-55 15.0146039518247 3578228
-55.5 15.4134389566749 3578228
-56 15.5422933428573 3578327
-56 15.9165846551014 3578327
-55.5 15.8429535772829 3578327
-55.5 15.8981768856468 3578327
-56 15.8736331930406 3578327
-56 15.7325069605551 3578327
-56 15.6036525743727 3578425
-55.5 15.4625263418873 3578425
-56 15.4011671103718 3580121
-56 15.0207398749762 3602960
-56.5 15.0146039518247 3602960
-56.5 14.6587204090352 3602960
-56.5 14.5421378691559 3602960
-57 14.3028368662457 3602960
-57 14.1862543263664 3602960
-57 14.1371669411541 3603059
-57 14.0819436327902 3603059
-56.5 14.2107980189726 3603059
-56 14.2660213273365 3603059
-56.5 14.4562349450343 3626895
-56.5 14.7323514868537 3626895
-57 14.8243903341268 3626895
-57 14.9287010277031 3627000
-57 15.0023321055216 3627000
-56.5 14.9471087971577 3627000
-56 14.7753029489145 3627098
-55.5 14.8366621804299 3627098
-55 14.4132834829735 3627098
-55 14.2905650199426 3627098
-55.5 13.6708367816368 3650631
-55.5 13.5113027796967 3650631
-54.5 12.9406619266033 3650631
-54.5 12.8547590024817 3650631
-53.5 12.4620599207829 3650631
-54.5 12.4988754596922 3650732
-54 12.032545300175 3650732
-54 11.9773219918111 3650732
-54 11.5784869869608 3650732
-54 11.5600792175062 3650732
-54 11.1919238284136 3654920
-54.5 11.1551082895044 3678657
-54.5 10.9403509792004 3678657
-55 10.7133218225933 3678657
-55.5 10.4862926659862 3678657
-55.5 10.4126615881677 3678657
-56 10.4310693576224 3678657
-55.5 10.3328945871977 3678657
-55.5 9.91565181289278 3678756
-55 9.91565181289278 3678756
-54.5 9.67021488683108 3678756
-54.5 9.54749642380023 3679853
-54.5 9.51681680804252 3703291
-55 9.49227311543635 3703392
-55 9.50454496173943 3703392
-54.5 9.52295273119406 3703392
-55 9.51681680804252 3703392
-55 9.54136050064869 3703392
-55 9.50454496173943 3703392
-55 9.48000126913326 3703392
-55.5 9.43704980707246 3703392
-56 9.40637019131475 3703392
-55.5 9.3266031903447 3727328
-55.5 9.39409834501167 3727328
-55.5 9.3266031903447 3727328
-55.5 9.35728280610241 3727328
-55.5 9.2836517282839 3727328
-55 9.21002065046539 3727328
-54.5 9.15479734210151 3727328
-54.5 9.11798180319225 3727426
-54 8.9952633401614 3727426
-54 8.98299149385831 3727426
-53.5 8.88481672343363 3750963
-54 8.84800118452438 3750963
-54 8.67005941312964 3750963
-53.5 8.68846718258427 3751063
-54 8.67005941312964 3751063
-54 8.63324387422039 3751063
-54 8.65165164367502 3751063
-53.5 8.76209826040278 3751063
-54 8.79891379931204 3751063
-54 8.73141864464507 3751063
-54 8.72528272149353 3754952
-54 8.77437010670587 3778589
-53.5 8.7927778761605 3778589
-53.5 8.86027303082746 3778589
-53.5 8.92776818549443 3778689
-54 9.05048664852528 3778689
-54.5 9.21002065046539 3778689
-54.5 9.24683618937464 3778689
-54.5 9.35728280610241 3778689
-54.5 9.44318573022401 3778689
-54.5 9.4861371922848 3778689
-55 9.40637019131475 3779886
-55 9.65180711737645 3803423
-55 9.74384596464959 3803423
-55 9.69475857943725 3803423
-55 9.74384596464959 3803423
-54.5 9.74998188780114 3803423
-54.5 9.75611781095268 3803523
-54.5 9.68248673313417 3803523
-55 9.79293334986193 3803523
-55 9.68862265628571 3803523
-54.5 9.78679742671039 3803523
-55 9.87270035083199 3827060
-54.5 9.84815665822582 3827060
-55 9.88497219713507 3827060
-54.5 9.87270035083199 3827060
-55 10.0076906601659 3827060
-55 10.1181372768937 3827060
-55.5 10.1120013537421 3827060
-55 10.1794965084091 3827159
-55 10.2592635093792 3827159
-55.5 10.3513023566523 3827159
-55 10.3513023566523 3850797
-55 10.4249334344708 3850797
-55 10.4556130502285 3850797
-55 10.4617489733801 3850797
-55 10.4126615881677 3850797
-55.5 10.516972281744 3850797
-55.5 10.3635742029554 3850797
-55.5 10.449477127077 3850797
-55.5 10.2592635093792 3850896
-56 10.30221497144 3850896
-56 10.2531275862276 3854885
-56 10.2653994325307 3878222
-55.5 10.2469916630761 3878222
-55.5 10.2163120473184 3878222
-56 10.3451664335008 3878322
-55.5 10.30221497144 3878322
-55.5 10.4003897418646 3878322
-55.5 10.4187975113193 3878322
-55.5 10.3144868177431 3878322
-55 10.3451664335008 3878322
-55 10.3513023566523 3878422
-55 10.3083508945915 3879818
-55 10.1917683547122 3903057
-55.5 10.1917683547122 3903057
-55 10.1733605852576 3903057
-55 10.167224662106 3903057
-55 10.0997295074391 3903057
-54.5 10.0445061990752 3903156
-55 9.98928289071129 3903156
-55.5 10.1365450463483 3903156
-55.5 10.1488168926514 3903156
-55.5 10.1120013537421 3903156
-55.5 10.0506421222267 3926894
-55 10.0015547370144 3926894
-55 9.95246735180204 3926894
-55 9.92792365919587 3926992
-54.5 9.78679742671039 3926992
-55 9.83588481192273 3926992
-54.5 9.59044788586103 3926992
-54.5 9.58431196270949 3926992
-54.5 9.57817603955794 3926992
-54 9.64567119422491 3926992
-54.5 9.60271973216411 3950530
-54 9.63953527107337 3950530
-54 9.64567119422491 3950530
-54 9.72543819519496 3950530
-54 9.79906927301348 3950530
-54 9.76225373410422 3950530
-54 9.88497219713507 3950629
-54 9.85429258137736 3950629
-54 9.9033799665897 3950629
-54 10.0076906601659 3950629
-54.5 9.88497219713507 3955815
-53.5 9.83588481192273 3955915
-54 9.8174770424681 3979154
-54 9.80520519616502 3979252
-54 9.65180711737645 3979252
-54 9.70703042574034 3979252
-54.5 9.49227311543635 3979252
-54.5 9.53522457749715 3979252
-54.5 9.44318573022401 3979252
-54 9.38182649870858 3979252
-54.5 9.39409834501167 3979252
-54.5 9.55976827010332 3979252
-55 9.88497219713507 4002889
-54.5 9.87883627398353 4002889
-55.5 10.0751858148329 4002889
-55.5 10.0935935842875 4002889
-55 10.3328945871977 4002889
-54.5 10.2838072019853 4002889
-54.5 10.5353800511986 4002889
-54.5 10.5906033595625 4002989
-54.5 10.8299043624726 4002989
-54.5 10.8483121319273 4002989
-54 11.1980597515652 4026526
-54 11.3391859840507 4026526
-54 12.0141375307203 4026526
-53.5 12.1000404548419 4026526
-53.5 12.8056716172693 4026526
-53.5 13.0817881590887 4026526
-53.5 13.76287562891 4026526
-54 13.8058270909708 4026625
-54.5 14.6587204090352 4026625
-55.5 14.9164291814 4026625
-56 15.7140991911005 4050163
-56 16.06998273389 4050163
-57 16.9780993603183 4050263
-57 17.0946819001976 4050263
-57.5 17.2910314410469 4050263
-57 17.3646625188655 4050263
-58 17.3462547494108 4050263
-58.5 17.2296722095315 4050263
-59 17.0517304381368 4050263
-59 16.9596915908636 4050263
-59 16.4872255081949 4054850
-60 16.3276915062548 4077789
-60 15.5975166512212 4077789
-60 15.2539049547348 4077789
-60 14.486914560792 4077789
-59.5 14.4378271755797 4077789
-59.5 13.9960407086686 4077892
-59.5 13.8365067067285 4077892
-60 13.695380474243 4077892
-59.5 13.6769727047884 4077892
-58.5 13.5542542417575 4077892
-58.5 13.8119630141223 4079884
-57.5 14.0512640170325 4102323
-57 14.1003514022448 4102323
-56 14.339652405155 4102423
-55.5 14.3703320209127 4102423
-54.5 14.4991864070951 4102423
-54.5 14.5482737923074 4102423
-54 15.0146039518247 4102423
-54 15.0452835675824 4102423
-53 15.210953492674 4102423
-53 15.2968564167956 4102423
-53.5 15.2968564167956 4127556
-54 15.2477690315833 4127556
-53.5 15.1802738769163 4127556
-54 15.063691337037 4127655
-54.5 14.9102932582484 4127655
-55 14.8182544109753 4127655
-55 14.7200796405506 4127755
-55.5 14.7384874100052 4127755
-55.5 14.5237300997013 4127755
-56 14.5482737923074 4127755
-56.5 14.6034971006713 4155082
-56.5 14.6894000247929 4155181
-57 14.8857495656423 4155181
-57 14.9409728740061 4155181
-56.5 15.2048175695225 4155381
-57 15.3520797251595 4155381
-56.5 16.0454390412838 4155481
-56 16.2233808126785 4155481
-56 17.1253615159553 4155481
-56 17.156041131713 4155481
-55.5 17.8432645246858 4155580
-56 18.0825655275959 4155580
-55 18.4384490703854 4178422
-55.5 18.5979830723255 4178422
-56 18.8618277678418 4178422
-56 18.9170510762057 4178422
-56 18.9047792299026 4178422
-56 18.9231869993573 4178519
-55.5 18.5488956871132 4178519
-55.5 18.4323131472339 4178519
-55 17.9291674488074 4178519
-55 17.8739441404435 4178519
-55 17.4751091355932 4202057
-55 17.2603518252892 4202057
-54.5 17.1130896696522 4202057
-55 16.9106042056513 4202057
-54.5 16.7019828184989 4202156
-54.5 16.5854002786196 4202156
-54.5 16.6283517406804 4202156
-54.5 16.6160798943773 4202156
-54 16.6222158175288 4202156
-54 16.6344876638319 4202156
